# MATRICE IN INDICE 0
3.201256711182248749e-01
-8.309919868405435395e-01
1.214567493372098461e+00
1.096945711312095062e+00
-5.291248227951166061e-02
3.935669617261698394e-01
-3.851905617650173141e+00
2.007426107337441756e+00
2.219135854966824972e+00
-1.293321486306818757e+00
-1.591910799780287711e+00
-3.279731017954961025e-01
2.816840455944384036e+00
1.497506120188735190e-01
-1.928726033597783385e+00
-2.723052616894281019e+00
-4.355092255111304489e+00
1.723339729245324081e+00
3.346139328008277802e-03
-1.900430381928039480e+00
-7.588482597421913889e-01
3.423811969537936539e-01
1.045209403738843745e+00
-1.893549882256492900e+00
1.490748672991034640e-01
2.281417070612214992e+00
-1.764603913954156500e+00
-6.977313510979830102e-01
1.860651648035966721e+00
-4.044064569030985545e+00
# MATRICE IN INDICE 1
-8.854419433089166347e+00
-1.757813013483717102e+00
-7.200147639345519934e+00
-5.263864025307527506e+00
-5.715611263157109434e+00
-6.774111220431588976e+00
-4.068685965419008177e+00
-4.902375448946172831e+00
-1.331884461689321242e+01
-8.728785629200029206e+00
